

A = [1.20E+05,	1.27E+04,	4.96E+04,	6.00E+05,	1.30E+04,	3.68E+04];

L1 = [2.28E+04,	4.32E+06,	1.20E+03,	5.56E+06,	4.44E+06,	4.68E+06];
L2 = [1.68E+04,	1.90E+05,	2.90E+03,	1.42E+04,	1.70E+03,	3.40E+03];
L3 = [7.50E+05,	5.00E+04,	3.64E+04,	9.76E+04,	3.00E+04,	1.91E+04];
L4 = [7.60E+05,	2.56E+04,	5.80E+03,	6.00E+05,	6.10E+05,	5.40E+05];
L5 = [6.60E+03,	2.04E+05,	8.30E+03,	5.40E+04,	1.82E+05,	4.50E+03];
L6 = [2.60E+06,	1.63E+04,	5.04E+04,	1.48E+04,	4.40E+05, 	1.09E+05];

%% G - G30-40

A = [3.04E+06,	4.64E+06,	2.50E+07,	3.18E+06,	3.04E+06,	4.64E+06];

L1 = [6.00E+06,	5.84E+06,	7.00E+06,	9.50E+05,	9.40E+05,	1.20E+05];
L2 = [6.00E+06,	5.68E+06,	3.40E+06,	3.08E+08,	3.54E+04,	1.56E+06];
L3 = [1.42E+04,	5.68E+06,	7.84E+06,	9.30E+05,	1.25E+06,	1.15E+06];
L4 = [2.40E+07,	1.22E+07,	8.00E+05,	5.90E+05,	9.90E+05,	8.30E+05];
L5 = [3.68E+08,	7.88E+06,	4.80E+06,	1.16E+06,	2.88E+08,	3.44E+08];
L6 = [1.50E+08,	4.28E+06,	2.40E+08,	1.90E+05,	2.42E+06,	1.32E+08];
